#=====================================================
# File created:        Sun-13-Oct-2024-at-04-28-41PM
# Size of lattice:     20x20
# Number of MC steps:  1000
# Reduced temperature: 1.000
# Run time (s):        11.730978
#=====================================================
# MC step:  Ratio:     Energy:   Order:
#=====================================================
   00000    0.5000    -426.5207  0.2631 
   00001    0.6750    -647.1900  0.3060 
   00002    0.6000    -788.0950  0.3249 
   00003    0.5850    -808.5933  0.3195 
   00004    0.5375    -817.7826  0.3250 
   00005    0.5425    -817.5298  0.3033 
   00006    0.5250    -830.8528  0.2764 
   00007    0.5500    -872.9362  0.2889 
   00008    0.5175    -882.5909  0.2719 
   00009    0.5500    -911.9784  0.2589 
   00010    0.4725    -915.3377  0.2935 
   00011    0.4725    -929.5744  0.3126 
   00012    0.5350    -909.7366  0.2908 
   00013    0.4950    -936.1203  0.3130 
   00014    0.4900    -912.6789  0.2942 
   00015    0.5200    -911.4957  0.3440 
   00016    0.5175    -896.5037  0.3559 
   00017    0.5075    -927.2222  0.3804 
   00018    0.4750    -930.4991  0.3601 
   00019    0.5050    -912.8365  0.3510 
   00020    0.5000    -948.2755  0.3643 
   00021    0.4875    -900.9644  0.3513 
   00022    0.4925    -916.2827  0.3533 
   00023    0.5000    -942.1382  0.3678 
   00024    0.4725    -921.4559  0.3980 
   00025    0.5125    -892.0604  0.3667 
   00026    0.5250    -883.8035  0.3609 
   00027    0.5225    -846.9347  0.3503 
   00028    0.5800    -811.4336  0.3479 
   00029    0.5725    -892.2586  0.3761 
   00030    0.5000    -889.0101  0.3606 
   00031    0.5575    -889.7583  0.3612 
   00032    0.5700    -865.3207  0.3268 
   00033    0.4975    -908.8674  0.3221 
   00034    0.4975    -871.0311  0.2959 
   00035    0.5275    -878.0313  0.3106 
   00036    0.5225    -892.1040  0.3165 
   00037    0.4925    -896.2668  0.2923 
   00038    0.4750    -927.6874  0.3108 
   00039    0.4700    -906.8669  0.3287 
   00040    0.5000    -933.3189  0.3188 
   00041    0.5000    -940.9048  0.2918 
   00042    0.4925    -940.1011  0.2966 
   00043    0.4700    -938.2041  0.3064 
   00044    0.4850    -881.7975  0.2829 
   00045    0.5300    -909.3956  0.2948 
   00046    0.4700    -959.5981  0.3013 
   00047    0.4925    -966.8578  0.3203 
   00048    0.5200    -944.5309  0.3316 
   00049    0.4800    -914.4830  0.3332 
   00050    0.4875    -921.6257  0.3628 
   00051    0.5000    -949.0535  0.3570 
   00052    0.4550    -915.5705  0.3611 
   00053    0.5325    -939.1339  0.3692 
   00054    0.4900    -911.4402  0.3438 
   00055    0.4900    -915.1957  0.3356 
   00056    0.5150    -925.8188  0.3488 
   00057    0.4900    -911.5843  0.3608 
   00058    0.4450    -930.4073  0.3655 
   00059    0.4950    -925.7145  0.3666 
   00060    0.4900    -915.9877  0.3862 
   00061    0.4750    -917.2989  0.3724 
   00062    0.5525    -927.2491  0.3664 
   00063    0.5125    -953.7892  0.3715 
   00064    0.4800    -931.0818  0.3721 
   00065    0.5325    -918.9110  0.3623 
   00066    0.4850    -967.3443  0.3541 
   00067    0.5175    -955.5155  0.3587 
   00068    0.5300    -944.8412  0.3205 
   00069    0.5000    -918.2019  0.3311 
   00070    0.4975    -969.9149  0.2955 
   00071    0.5175    -958.4190  0.2968 
   00072    0.4675    -920.2833  0.2987 
   00073    0.5025    -897.3184  0.3123 
   00074    0.4875    -919.2351  0.3036 
   00075    0.4725    -977.4164  0.3160 
   00076    0.4925    -937.7227  0.2758 
   00077    0.4675    -934.6606  0.2626 
   00078    0.4550    -949.5672  0.2786 
   00079    0.5100    -952.9423  0.3019 
   00080    0.4750    -981.9081  0.2984 
   00081    0.4750    -940.7011  0.2991 
   00082    0.4675    -984.9975  0.3035 
   00083    0.5125    -986.8563  0.3027 
   00084    0.5100   -1018.5260  0.3078 
   00085    0.4625   -1031.7357  0.3279 
   00086    0.5025   -1051.6761  0.3127 
   00087    0.4600   -1035.8455  0.3351 
   00088    0.4125   -1017.3171  0.3322 
   00089    0.4575    -986.5583  0.3108 
   00090    0.5075    -955.2303  0.3201 
   00091    0.4850    -949.1893  0.3755 
   00092    0.4975    -988.0056  0.3930 
   00093    0.4875    -934.1908  0.3845 
   00094    0.4900    -951.8754  0.3812 
   00095    0.4750    -910.3613  0.3589 
   00096    0.5600    -919.9839  0.3633 
   00097    0.5100    -920.8860  0.3921 
   00098    0.4650    -945.5089  0.4110 
   00099    0.5100    -942.1770  0.4365 
   00100    0.4650    -963.7241  0.4481 
   00101    0.5025    -958.0641  0.4409 
   00102    0.4875    -973.9125  0.4326 
   00103    0.4725    -967.8815  0.4271 
   00104    0.4600    -962.1824  0.4327 
   00105    0.5000    -918.9927  0.4447 
   00106    0.4250    -943.1875  0.4419 
   00107    0.4750    -942.2523  0.4558 
   00108    0.4850    -947.3177  0.4430 
   00109    0.4750    -963.0036  0.4900 
   00110    0.4700    -951.2457  0.5068 
   00111    0.4625    -987.5144  0.4890 
   00112    0.4825   -1018.9938  0.5257 
   00113    0.4825    -990.0650  0.5165 
   00114    0.4600    -984.9749  0.5036 
   00115    0.4825    -958.3327  0.4697 
   00116    0.4725    -935.6602  0.4730 
   00117    0.5050    -899.7473  0.4831 
   00118    0.5325    -933.6359  0.4870 
   00119    0.5475    -946.4475  0.4747 
   00120    0.5225    -904.7795  0.4601 
   00121    0.4900    -935.4069  0.4598 
   00122    0.4900    -934.2742  0.4428 
   00123    0.5225    -928.5468  0.4266 
   00124    0.4825    -938.2245  0.4551 
   00125    0.4500    -948.1132  0.4689 
   00126    0.5125    -909.8284  0.4290 
   00127    0.5200    -952.8674  0.4095 
   00128    0.5275    -959.3541  0.4281 
   00129    0.5400    -941.6456  0.4068 
   00130    0.5000    -950.0661  0.4428 
   00131    0.4700    -965.5624  0.4224 
   00132    0.4500    -965.6133  0.4075 
   00133    0.5200    -947.5579  0.4334 
   00134    0.4650    -956.9893  0.4079 
   00135    0.5150    -918.1878  0.4239 
   00136    0.5125    -954.4296  0.4646 
   00137    0.4850    -958.1327  0.4691 
   00138    0.4525    -987.2638  0.4615 
   00139    0.4725    -991.0099  0.4689 
   00140    0.4250    -975.1068  0.4762 
   00141    0.5100    -971.5437  0.4898 
   00142    0.4250   -1001.3519  0.5212 
   00143    0.5000   -1008.2196  0.5074 
   00144    0.4175   -1034.2752  0.5096 
   00145    0.5175    -997.9450  0.5120 
   00146    0.4625    -970.5948  0.5055 
   00147    0.4325    -977.9818  0.4994 
   00148    0.4575    -994.3882  0.4934 
   00149    0.5125    -993.0175  0.4485 
   00150    0.4375    -948.5451  0.4430 
   00151    0.4850    -932.5564  0.4428 
   00152    0.5200    -920.0169  0.4571 
   00153    0.4900    -961.8943  0.4419 
   00154    0.5225    -952.5371  0.4276 
   00155    0.4625    -960.6860  0.4252 
   00156    0.4950    -948.9538  0.4172 
   00157    0.5125    -932.5039  0.4388 
   00158    0.4650    -949.7838  0.4298 
   00159    0.5075    -964.5442  0.4555 
   00160    0.5225    -970.5398  0.4635 
   00161    0.4750    -975.4775  0.4764 
   00162    0.4350    -964.8284  0.4671 
   00163    0.4900   -1007.5312  0.4734 
   00164    0.4950    -982.9393  0.4592 
   00165    0.4700    -986.4142  0.4828 
   00166    0.4375   -1002.8068  0.5192 
   00167    0.4825    -983.2669  0.4900 
   00168    0.4475   -1001.8597  0.4920 
   00169    0.4650    -937.7034  0.4882 
   00170    0.4350    -948.7542  0.5010 
   00171    0.4850    -935.8546  0.5348 
   00172    0.5025    -947.7031  0.5136 
   00173    0.4950    -922.5646  0.5177 
   00174    0.4925    -920.0905  0.4842 
   00175    0.5150    -969.7861  0.4729 
   00176    0.5150    -978.2068  0.4899 
   00177    0.4750    -970.9537  0.4835 
   00178    0.5050    -972.9071  0.4725 
   00179    0.4850    -966.4253  0.4874 
   00180    0.4625    -973.3101  0.5130 
   00181    0.4650    -995.6982  0.5221 
   00182    0.4825    -940.2501  0.5083 
   00183    0.5225    -961.9502  0.4844 
   00184    0.5375    -968.7382  0.4943 
   00185    0.4900    -983.1995  0.4832 
   00186    0.4425    -961.3822  0.4762 
   00187    0.5150    -974.3705  0.4553 
   00188    0.4625    -991.7003  0.4301 
   00189    0.4875    -988.4805  0.4377 
   00190    0.4725    -989.6222  0.4550 
   00191    0.4975    -955.4634  0.4393 
   00192    0.4725    -959.6744  0.4316 
   00193    0.4650    -937.4793  0.4365 
   00194    0.4700    -943.6021  0.4567 
   00195    0.4800    -954.8002  0.4471 
   00196    0.4850    -922.0040  0.4752 
   00197    0.5150    -926.0970  0.5038 
   00198    0.5150    -927.1957  0.4965 
   00199    0.4550    -960.0620  0.4969 
   00200    0.4725    -945.0317  0.4733 
   00201    0.4825    -904.3061  0.4731 
   00202    0.4375    -931.8097  0.4966 
   00203    0.4825    -977.1894  0.4869 
   00204    0.4750    -931.5926  0.4659 
   00205    0.4750    -923.1363  0.4451 
   00206    0.5350    -961.2785  0.4522 
   00207    0.5025    -973.7641  0.4447 
   00208    0.4975    -977.7012  0.4664 
   00209    0.5000    -964.2336  0.4952 
   00210    0.4675    -960.4522  0.4904 
   00211    0.4650    -960.3126  0.4804 
   00212    0.4550    -954.1245  0.4517 
   00213    0.4175    -978.0968  0.4558 
   00214    0.4450    -978.5855  0.4606 
   00215    0.5250    -949.8411  0.4774 
   00216    0.4850    -932.5487  0.4469 
   00217    0.5100    -941.6801  0.4324 
   00218    0.4825    -897.6232  0.4148 
   00219    0.4925    -932.9889  0.4033 
   00220    0.4900    -909.7755  0.3639 
   00221    0.5075    -886.2216  0.3485 
   00222    0.5425    -857.0042  0.3215 
   00223    0.5175    -849.4838  0.3341 
   00224    0.5525    -860.6123  0.3512 
   00225    0.5300    -879.9844  0.3499 
   00226    0.5450    -890.8084  0.3102 
   00227    0.5350    -890.7095  0.3275 
   00228    0.5225    -889.7816  0.3049 
   00229    0.5100    -898.0368  0.3007 
   00230    0.4950    -904.5467  0.3014 
   00231    0.5000    -909.7056  0.2715 
   00232    0.4500    -916.9215  0.2881 
   00233    0.5225    -903.0290  0.2890 
   00234    0.5100    -937.0265  0.3112 
   00235    0.4875    -936.0551  0.2789 
   00236    0.4825    -879.4983  0.3011 
   00237    0.5050    -882.4529  0.2784 
   00238    0.5275    -849.8363  0.2728 
   00239    0.5850    -860.7166  0.3202 
   00240    0.5100    -912.7057  0.3537 
   00241    0.5350    -927.9322  0.3774 
   00242    0.5200    -921.4037  0.3853 
   00243    0.4900    -908.6593  0.3781 
   00244    0.5350    -887.8778  0.3706 
   00245    0.5200    -866.2206  0.3627 
   00246    0.4950    -869.6665  0.3547 
   00247    0.5325    -869.3208  0.3681 
   00248    0.5400    -918.7990  0.3490 
   00249    0.4750    -901.8543  0.3253 
   00250    0.4475    -871.2502  0.2994 
   00251    0.5250    -892.6919  0.3000 
   00252    0.5050    -922.8959  0.3198 
   00253    0.4950    -927.1900  0.2855 
   00254    0.4925    -953.6717  0.3101 
   00255    0.4700    -922.8811  0.3028 
   00256    0.5175    -936.1218  0.3258 
   00257    0.5200    -978.4806  0.3140 
   00258    0.5025    -942.4740  0.3493 
   00259    0.5150    -899.1348  0.3363 
   00260    0.5075    -907.6648  0.3195 
   00261    0.5250    -883.5864  0.3242 
   00262    0.5250    -918.4079  0.3389 
   00263    0.4900    -958.5714  0.2940 
   00264    0.4725    -994.9836  0.2982 
   00265    0.4725    -983.6111  0.2879 
   00266    0.4700    -946.5225  0.2889 
   00267    0.5150    -908.4264  0.2905 
   00268    0.5050    -920.8290  0.3092 
   00269    0.5250    -903.6612  0.3260 
   00270    0.5025    -934.3205  0.3433 
   00271    0.4750    -919.0892  0.3529 
   00272    0.4775    -962.3798  0.3469 
   00273    0.5200    -945.8864  0.3723 
   00274    0.4925    -969.4523  0.3677 
   00275    0.4375    -952.2788  0.3862 
   00276    0.4850    -892.4196  0.3904 
   00277    0.5825    -908.7802  0.4029 
   00278    0.4950    -935.0271  0.4201 
   00279    0.4925    -928.3159  0.4138 
   00280    0.4425    -954.5457  0.4097 
   00281    0.5100    -937.8941  0.4042 
   00282    0.4975    -933.3699  0.4198 
   00283    0.4750    -958.7941  0.4017 
   00284    0.5225    -943.7264  0.4292 
   00285    0.4575    -946.9639  0.4373 
   00286    0.5475    -926.1305  0.4183 
   00287    0.4800    -938.2359  0.4285 
   00288    0.5500    -905.0322  0.4206 
   00289    0.5850    -892.9031  0.3856 
   00290    0.5025    -878.5792  0.3900 
   00291    0.5275    -865.1856  0.3933 
   00292    0.4725    -839.5830  0.4023 
   00293    0.5100    -876.6093  0.4415 
   00294    0.5150    -938.0292  0.4632 
   00295    0.5650    -888.8623  0.4562 
   00296    0.4700    -930.3899  0.4656 
   00297    0.4750    -889.1980  0.4300 
   00298    0.5550    -909.8701  0.4253 
   00299    0.5300    -907.3247  0.4058 
   00300    0.4950    -973.1755  0.3875 
   00301    0.4700    -982.2459  0.3828 
   00302    0.4400    -935.2867  0.3519 
   00303    0.5125    -870.3388  0.3413 
   00304    0.5525    -862.5901  0.3209 
   00305    0.5250    -876.3462  0.2777 
   00306    0.5550    -898.6080  0.3217 
   00307    0.4950    -910.1552  0.2902 
   00308    0.5125    -914.3834  0.2781 
   00309    0.5050    -932.5397  0.2922 
   00310    0.4875    -913.8587  0.3036 
   00311    0.5400    -916.1680  0.3147 
   00312    0.5425    -914.1392  0.2908 
   00313    0.5175    -905.5838  0.2750 
   00314    0.5175    -922.4402  0.2863 
   00315    0.5350    -897.7106  0.2769 
   00316    0.5000    -930.7054  0.2871 
   00317    0.4950    -877.5218  0.2749 
   00318    0.5025    -931.2269  0.2873 
   00319    0.4850    -943.0564  0.2782 
   00320    0.5025    -931.2808  0.2794 
   00321    0.5100    -885.9415  0.2868 
   00322    0.5350    -878.9825  0.3024 
   00323    0.4725    -898.3937  0.3355 
   00324    0.5225    -896.6475  0.2975 
   00325    0.4900    -885.5595  0.3041 
   00326    0.5450    -892.0901  0.2972 
   00327    0.5350    -892.6307  0.3223 
   00328    0.5425    -843.6632  0.3454 
   00329    0.5375    -864.2598  0.3458 
   00330    0.5350    -866.1762  0.3286 
   00331    0.5025    -880.1332  0.3279 
   00332    0.5000    -950.8834  0.3165 
   00333    0.4750    -917.1377  0.3079 
   00334    0.5200    -906.2319  0.3001 
   00335    0.5200    -927.9594  0.2857 
   00336    0.5275    -919.1002  0.2682 
   00337    0.5300    -899.7686  0.3088 
   00338    0.4525    -921.2484  0.2861 
   00339    0.4875    -961.5891  0.2936 
   00340    0.4700    -933.8022  0.2975 
   00341    0.5100    -944.7386  0.3012 
   00342    0.5300    -930.1422  0.3194 
   00343    0.5150    -911.4048  0.3193 
   00344    0.5050    -902.0762  0.3332 
   00345    0.4725    -876.5130  0.3275 
   00346    0.5200    -875.3304  0.3031 
   00347    0.4825    -908.2366  0.3327 
   00348    0.5225    -902.5751  0.3702 
   00349    0.4750    -891.9492  0.3802 
   00350    0.5375    -914.1388  0.3546 
   00351    0.4875    -899.2805  0.3595 
   00352    0.5025    -955.0162  0.3248 
   00353    0.4800    -980.6417  0.3494 
   00354    0.4250   -1002.6432  0.3398 
   00355    0.4825    -998.8984  0.3043 
   00356    0.3900    -980.8176  0.3023 
   00357    0.5125    -953.4140  0.2848 
   00358    0.4700    -942.0914  0.2680 
   00359    0.5450    -907.0940  0.2650 
   00360    0.4475    -889.5322  0.2766 
   00361    0.4950    -946.8042  0.2982 
   00362    0.5125    -965.0333  0.3131 
   00363    0.4975    -965.4759  0.3382 
   00364    0.5000    -946.7007  0.3421 
   00365    0.4700    -960.0637  0.3408 
   00366    0.5225    -997.9534  0.3438 
   00367    0.4675    -991.8444  0.3534 
   00368    0.4400    -974.8342  0.3310 
   00369    0.5050    -977.3918  0.3375 
   00370    0.4750    -977.8547  0.3089 
   00371    0.4950    -967.0599  0.2893 
   00372    0.4400   -1013.0755  0.2951 
   00373    0.4600    -968.0132  0.2955 
   00374    0.5000    -972.6132  0.3062 
   00375    0.4650    -989.3425  0.3108 
   00376    0.4975    -973.6944  0.3004 
   00377    0.5150    -960.6339  0.3038 
   00378    0.4775    -977.6488  0.3338 
   00379    0.4600    -966.4592  0.2986 
   00380    0.4450    -964.0478  0.3091 
   00381    0.5000    -925.9501  0.3292 
   00382    0.5075    -955.5039  0.3274 
   00383    0.4900    -951.0025  0.3061 
   00384    0.4875    -984.0815  0.2805 
   00385    0.5250    -991.7364  0.2880 
   00386    0.4725    -986.0083  0.3189 
   00387    0.4800    -962.7912  0.3403 
   00388    0.4750    -949.1164  0.3314 
   00389    0.4750    -900.9047  0.3451 
   00390    0.5450    -873.2228  0.3794 
   00391    0.5475    -868.6140  0.3530 
   00392    0.4950    -870.0192  0.3420 
   00393    0.5050    -901.3403  0.3547 
   00394    0.5325    -899.6204  0.3822 
   00395    0.5325    -921.4589  0.4064 
   00396    0.5300    -901.0019  0.4099 
   00397    0.5025    -895.4956  0.4238 
   00398    0.5425    -872.2377  0.4178 
   00399    0.4875    -906.6500  0.4277 
   00400    0.5075    -913.4244  0.4104 
   00401    0.5250    -916.2005  0.3805 
   00402    0.5375    -938.9271  0.3826 
   00403    0.5175    -904.3356  0.3776 
   00404    0.5275    -898.9300  0.3785 
   00405    0.5100    -901.0306  0.3621 
   00406    0.5600    -878.8166  0.3344 
   00407    0.4925    -884.6827  0.3281 
   00408    0.5200    -829.2602  0.3224 
   00409    0.5500    -889.8491  0.3403 
   00410    0.5225    -892.2354  0.3465 
   00411    0.5625    -847.4780  0.3648 
   00412    0.5200    -847.6435  0.3748 
   00413    0.5050    -858.5341  0.3868 
   00414    0.5100    -888.2255  0.4147 
   00415    0.5850    -917.4380  0.4142 
   00416    0.4875    -912.7045  0.4222 
   00417    0.4725    -911.6013  0.4071 
   00418    0.5050    -925.5580  0.4029 
   00419    0.4975    -898.2721  0.4053 
   00420    0.4775    -904.7187  0.4141 
   00421    0.5325    -925.2332  0.4126 
   00422    0.4975    -924.8085  0.4089 
   00423    0.4925    -948.7751  0.4585 
   00424    0.5075    -965.0568  0.4409 
   00425    0.4750    -997.7886  0.4541 
   00426    0.4850   -1032.6372  0.4376 
   00427    0.4875    -996.3412  0.3839 
   00428    0.4850   -1016.5886  0.3706 
   00429    0.4625   -1005.8852  0.3909 
   00430    0.4225   -1021.8226  0.3943 
   00431    0.4325   -1028.7488  0.4040 
   00432    0.4950    -987.6091  0.3921 
   00433    0.4475   -1006.5112  0.3837 
   00434    0.4450   -1019.6705  0.4033 
   00435    0.4700   -1011.7905  0.3822 
   00436    0.4650   -1027.5427  0.3887 
   00437    0.4450   -1031.3158  0.3816 
   00438    0.4300   -1022.7947  0.3767 
   00439    0.4500   -1034.9638  0.3875 
   00440    0.4075   -1078.8849  0.4089 
   00441    0.4550   -1016.2315  0.4068 
   00442    0.4425   -1008.9440  0.4007 
   00443    0.4650   -1021.8322  0.3835 
   00444    0.4975   -1018.0684  0.4215 
   00445    0.4375    -990.3605  0.4194 
   00446    0.4600   -1008.2746  0.3889 
   00447    0.4650    -959.5265  0.3755 
   00448    0.5025   -1006.6347  0.3884 
   00449    0.4800    -939.0354  0.3456 
   00450    0.4525    -911.8964  0.3473 
   00451    0.4875    -952.6940  0.4097 
   00452    0.4425    -995.2828  0.4092 
   00453    0.4025    -975.9330  0.4167 
   00454    0.4450    -986.0738  0.4051 
   00455    0.5275   -1044.6259  0.4276 
   00456    0.4850    -976.1288  0.4220 
   00457    0.5050    -946.3340  0.4108 
   00458    0.4850    -945.2763  0.4085 
   00459    0.4500    -957.7348  0.3874 
   00460    0.4450    -949.0493  0.3782 
   00461    0.5075    -936.3058  0.3913 
   00462    0.5125    -913.2508  0.3788 
   00463    0.4800    -910.0829  0.4030 
   00464    0.4700    -897.2950  0.4020 
   00465    0.4725    -941.1981  0.4146 
   00466    0.4850    -930.5840  0.4148 
   00467    0.4475    -961.6346  0.4139 
   00468    0.5025    -987.5198  0.4647 
   00469    0.4750    -997.2911  0.4761 
   00470    0.5150    -990.7178  0.5086 
   00471    0.4800   -1020.2940  0.5500 
   00472    0.4800   -1002.2837  0.5487 
   00473    0.4725   -1003.0570  0.5301 
   00474    0.4650    -997.9849  0.5291 
   00475    0.4800    -999.6095  0.4958 
   00476    0.4675   -1001.2221  0.4741 
   00477    0.4450    -939.2517  0.4630 
   00478    0.4725    -957.1031  0.4662 
   00479    0.4575    -959.8735  0.4551 
   00480    0.5250    -937.7067  0.4800 
   00481    0.4650   -1011.3887  0.4538 
   00482    0.4725   -1008.6340  0.4400 
   00483    0.3975   -1049.6183  0.4734 
   00484    0.4500   -1018.4966  0.4827 
   00485    0.4800   -1025.1808  0.5016 
   00486    0.4850   -1017.4600  0.5395 
   00487    0.4725    -994.8286  0.5223 
   00488    0.4700    -968.9388  0.5220 
   00489    0.4850   -1013.0070  0.5400 
   00490    0.5400    -998.0185  0.5539 
   00491    0.4275    -986.4733  0.5522 
   00492    0.5250    -981.9810  0.5052 
   00493    0.4800    -988.5392  0.5129 
   00494    0.4775    -979.0528  0.5018 
   00495    0.4900    -961.6884  0.4848 
   00496    0.5025    -998.5030  0.4668 
   00497    0.4825    -970.2773  0.4703 
   00498    0.4850   -1006.6413  0.4632 
   00499    0.5225    -990.5140  0.4586 
   00500    0.4500    -974.7191  0.4583 
   00501    0.4825    -987.9040  0.4822 
   00502    0.5050   -1014.0684  0.4561 
   00503    0.5000   -1011.4241  0.4335 
   00504    0.4775    -962.7002  0.4141 
   00505    0.4450    -946.4811  0.4065 
   00506    0.4850    -943.2095  0.4270 
   00507    0.5350    -923.7934  0.4378 
   00508    0.5425    -928.1599  0.4701 
   00509    0.5000    -917.2783  0.4459 
   00510    0.5000    -919.7392  0.4517 
   00511    0.4800    -949.3715  0.4766 
   00512    0.4600    -908.6585  0.4685 
   00513    0.5200    -940.8012  0.5098 
   00514    0.4925    -925.1398  0.5244 
   00515    0.4925    -953.4716  0.5444 
   00516    0.4950    -908.1025  0.5211 
   00517    0.4925    -889.7761  0.5070 
   00518    0.5325    -855.0827  0.4982 
   00519    0.5300    -863.2654  0.4860 
   00520    0.5625    -915.1065  0.4919 
   00521    0.4825    -911.5844  0.4909 
   00522    0.5075    -960.0240  0.5127 
   00523    0.4700    -988.6415  0.5466 
   00524    0.4850    -958.7964  0.5240 
   00525    0.4850   -1005.3557  0.5721 
   00526    0.4900    -996.1113  0.5746 
   00527    0.4875    -983.3917  0.5683 
   00528    0.4650    -946.8192  0.5531 
   00529    0.4275    -988.0040  0.5648 
   00530    0.4925    -983.7015  0.5384 
   00531    0.5075    -981.5928  0.5143 
   00532    0.4700    -969.2439  0.5287 
   00533    0.4600    -957.4694  0.5190 
   00534    0.4375    -980.6217  0.5305 
   00535    0.4825    -936.9582  0.5004 
   00536    0.4625    -941.6058  0.4863 
   00537    0.5050    -951.2122  0.4826 
   00538    0.5075    -986.3202  0.4689 
   00539    0.4550   -1005.1662  0.4819 
   00540    0.4900    -965.2970  0.4743 
   00541    0.4675    -943.2886  0.4528 
   00542    0.4975    -894.1315  0.4649 
   00543    0.5300    -896.5404  0.4772 
   00544    0.5300    -896.2950  0.4444 
   00545    0.5400    -924.4698  0.4417 
   00546    0.5250    -912.3331  0.4541 
   00547    0.5250    -952.9028  0.4540 
   00548    0.5025    -926.5120  0.4506 
   00549    0.5200    -914.9533  0.4712 
   00550    0.4950    -984.6722  0.4626 
   00551    0.4800    -926.8448  0.4649 
   00552    0.4850    -919.3335  0.4436 
   00553    0.4225    -929.8642  0.4417 
   00554    0.5050    -953.2143  0.4365 
   00555    0.4725    -934.3502  0.3859 
   00556    0.5150    -909.6388  0.3919 
   00557    0.4550    -935.4480  0.3980 
   00558    0.5000    -927.4268  0.3936 
   00559    0.5200    -920.9893  0.3885 
   00560    0.5000    -957.6358  0.3432 
   00561    0.5075    -931.8268  0.3775 
   00562    0.4925    -939.2380  0.3720 
   00563    0.4925    -907.3394  0.3695 
   00564    0.5050    -910.6926  0.3901 
   00565    0.5225    -896.4455  0.4276 
   00566    0.5250    -925.3134  0.4283 
   00567    0.5400    -948.8495  0.4288 
   00568    0.4675    -917.3164  0.4065 
   00569    0.4875    -964.1978  0.3922 
   00570    0.4725    -928.5739  0.3987 
   00571    0.5375    -938.6181  0.3947 
   00572    0.5000    -947.8632  0.3404 
   00573    0.5000    -932.3294  0.3482 
   00574    0.5350    -913.2892  0.3589 
   00575    0.4750    -931.8342  0.3877 
   00576    0.5725    -909.4547  0.3807 
   00577    0.4850    -904.8109  0.3866 
   00578    0.4850    -911.6359  0.3524 
   00579    0.5000    -917.0399  0.3622 
   00580    0.5300    -912.5628  0.3089 
   00581    0.5225    -898.4815  0.3023 
   00582    0.5750    -893.2032  0.2978 
   00583    0.4950    -916.9866  0.3048 
   00584    0.4575    -916.5153  0.3203 
   00585    0.4975    -897.8133  0.3346 
   00586    0.5550    -884.7697  0.3523 
   00587    0.4775    -917.4073  0.3533 
   00588    0.4850    -919.2130  0.3355 
   00589    0.5250    -897.1329  0.3180 
   00590    0.5350    -940.4693  0.3268 
   00591    0.4875    -951.8936  0.3153 
   00592    0.5225    -968.2416  0.3394 
   00593    0.4775    -929.1695  0.3303 
   00594    0.4975    -944.6305  0.3549 
   00595    0.4975    -943.4755  0.3759 
   00596    0.4975    -954.0017  0.3686 
   00597    0.5175    -937.3177  0.3649 
   00598    0.4750    -937.8423  0.3349 
   00599    0.4750    -926.4586  0.3097 
   00600    0.5450    -894.9273  0.2977 
   00601    0.4925    -901.2619  0.3175 
   00602    0.4800    -898.6574  0.3117 
   00603    0.5075    -930.7886  0.3203 
   00604    0.4950    -935.9452  0.3399 
   00605    0.4675    -925.7491  0.3678 
   00606    0.5450    -930.9218  0.3605 
   00607    0.4975    -944.7178  0.3431 
   00608    0.4800    -944.7996  0.2964 
   00609    0.4725    -978.0359  0.2791 
   00610    0.4475    -972.6857  0.2796 
   00611    0.4675    -968.3878  0.2984 
   00612    0.4800    -944.1772  0.3067 
   00613    0.4875    -911.3330  0.3397 
   00614    0.4975    -943.5617  0.3471 
   00615    0.5325    -964.2848  0.2913 
   00616    0.4925    -955.5616  0.3123 
   00617    0.4975    -954.4887  0.3114 
   00618    0.4675    -923.5138  0.2867 
   00619    0.4775    -931.7178  0.2719 
   00620    0.5075    -941.4868  0.2895 
   00621    0.4925    -923.6602  0.2769 
   00622    0.4675    -968.7730  0.2821 
   00623    0.4775    -941.5833  0.2877 
   00624    0.5100    -955.0019  0.2771 
   00625    0.4850    -920.2547  0.2809 
   00626    0.4900    -978.5269  0.2938 
   00627    0.4450    -968.6511  0.2783 
   00628    0.4850    -959.6990  0.2703 
   00629    0.4925    -967.9871  0.2541 
   00630    0.5050    -992.3680  0.2965 
   00631    0.4925    -930.5947  0.2615 
   00632    0.5100    -933.0186  0.2605 
   00633    0.4850    -939.2891  0.2590 
   00634    0.4600    -947.5595  0.2783 
   00635    0.5025    -938.7481  0.2799 
   00636    0.5050    -942.4789  0.2941 
   00637    0.5000    -929.1577  0.2940 
   00638    0.4900    -890.7294  0.3124 
   00639    0.5525    -884.8884  0.2783 
   00640    0.4925    -894.9714  0.2796 
   00641    0.5200    -900.1589  0.3243 
   00642    0.5400    -910.1641  0.3198 
   00643    0.5025    -871.9412  0.3539 
   00644    0.4825    -871.4285  0.3753 
   00645    0.5250    -849.3867  0.3433 
   00646    0.5550    -884.0590  0.3259 
   00647    0.4800    -942.6990  0.2903 
   00648    0.5025    -916.1733  0.2921 
   00649    0.4675    -919.9200  0.2992 
   00650    0.4775    -959.4863  0.3075 
   00651    0.5550    -946.5937  0.2959 
   00652    0.4975    -925.2876  0.2955 
   00653    0.5150    -956.8707  0.3054 
   00654    0.5325    -918.1807  0.3029 
   00655    0.4900    -909.6439  0.2900 
   00656    0.4575    -883.6602  0.3063 
   00657    0.5100    -905.3645  0.3138 
   00658    0.5350    -892.7092  0.3034 
   00659    0.5325    -847.4773  0.2846 
   00660    0.5000    -903.6235  0.2836 
   00661    0.4950    -949.8887  0.3347 
   00662    0.4825    -928.9716  0.3644 
   00663    0.5300    -930.6829  0.3639 
   00664    0.5325    -903.2254  0.3733 
   00665    0.5375    -889.0232  0.4177 
   00666    0.5125    -892.0524  0.4439 
   00667    0.5025    -922.1128  0.4292 
   00668    0.4875    -942.0612  0.4598 
   00669    0.5200    -909.2430  0.4541 
   00670    0.4950    -899.8211  0.4544 
   00671    0.5225    -911.5218  0.4499 
   00672    0.5175    -866.6434  0.4392 
   00673    0.4525    -896.2263  0.4526 
   00674    0.4925    -897.1713  0.4406 
   00675    0.4800    -917.8655  0.4722 
   00676    0.5625    -913.1175  0.4761 
   00677    0.4600    -930.9462  0.4767 
   00678    0.4600    -932.3388  0.4680 
   00679    0.5350    -941.4693  0.4916 
   00680    0.4950    -983.6503  0.4824 
   00681    0.4950    -987.3439  0.4568 
   00682    0.5475    -940.1283  0.4202 
   00683    0.5125    -905.1448  0.4348 
   00684    0.5000    -958.7809  0.4336 
   00685    0.4250    -934.0718  0.4259 
   00686    0.4950    -917.1081  0.4704 
   00687    0.4850    -920.9250  0.4850 
   00688    0.5375    -912.7257  0.4497 
   00689    0.4650    -940.1210  0.4752 
   00690    0.5000    -907.9236  0.4695 
   00691    0.5000    -896.8578  0.4903 
   00692    0.5200    -873.3835  0.4637 
   00693    0.5150    -915.4265  0.4745 
   00694    0.5600    -940.2266  0.4379 
   00695    0.5275    -926.3107  0.4372 
   00696    0.5500    -915.5285  0.4063 
   00697    0.4850    -875.5503  0.4107 
   00698    0.5250    -878.0149  0.3779 
   00699    0.5125    -899.3269  0.3881 
   00700    0.4925    -881.3727  0.3794 
   00701    0.5575    -867.6332  0.4002 
   00702    0.5300    -888.3391  0.3969 
   00703    0.4800    -913.2738  0.3969 
   00704    0.5200    -951.2166  0.3859 
   00705    0.4800    -982.3422  0.3946 
   00706    0.4650    -945.4908  0.3709 
   00707    0.5150    -926.8743  0.3725 
   00708    0.5350    -927.9069  0.3635 
   00709    0.5075    -935.0031  0.3540 
   00710    0.4925    -935.0024  0.3731 
   00711    0.5125    -939.8014  0.3575 
   00712    0.4700    -945.5210  0.3749 
   00713    0.5250    -911.1243  0.3665 
   00714    0.4825    -907.0236  0.3458 
   00715    0.5275    -891.9403  0.3726 
   00716    0.5600    -900.7427  0.3591 
   00717    0.5150    -900.5427  0.3623 
   00718    0.5300    -845.4532  0.3518 
   00719    0.5100    -845.8173  0.3591 
   00720    0.5150    -878.2805  0.3646 
   00721    0.5225    -894.5553  0.3769 
   00722    0.5100    -897.5878  0.3808 
   00723    0.5175    -886.3467  0.3837 
   00724    0.5575    -924.1841  0.4004 
   00725    0.4975    -928.4093  0.3996 
   00726    0.5625    -922.6614  0.3736 
   00727    0.5125    -927.9698  0.3721 
   00728    0.5275    -938.9357  0.3984 
   00729    0.4925    -917.2622  0.3977 
   00730    0.5350    -898.2347  0.3556 
   00731    0.4775    -909.5061  0.3399 
   00732    0.5450    -902.9733  0.3322 
   00733    0.4875    -911.5990  0.3463 
   00734    0.5025    -947.3652  0.3531 
   00735    0.4950    -919.0377  0.3605 
   00736    0.5525    -945.1696  0.3624 
   00737    0.4825    -963.4267  0.3525 
   00738    0.5500    -932.4082  0.3903 
   00739    0.4900    -918.9889  0.3939 
   00740    0.4775    -929.2060  0.3857 
   00741    0.5100    -964.6927  0.3560 
   00742    0.4700    -968.0944  0.3602 
   00743    0.4275    -951.9986  0.3562 
   00744    0.4800    -899.5542  0.3709 
   00745    0.4500    -932.3401  0.3495 
   00746    0.5200    -950.0129  0.3760 
   00747    0.5350    -949.5330  0.3736 
   00748    0.4975    -933.6450  0.3348 
   00749    0.5325    -916.2515  0.3254 
   00750    0.5325    -913.4829  0.3292 
   00751    0.4775    -958.3709  0.3157 
   00752    0.4650    -932.1902  0.3307 
   00753    0.5100    -924.4640  0.3168 
   00754    0.5175    -912.9916  0.2740 
   00755    0.4875    -930.4522  0.2993 
   00756    0.5050    -946.2101  0.3255 
   00757    0.4800    -937.0442  0.3231 
   00758    0.5325    -904.0129  0.3306 
   00759    0.5525    -900.3381  0.3120 
   00760    0.5125    -918.8163  0.3082 
   00761    0.5250    -908.9420  0.3033 
   00762    0.5325    -958.8787  0.2622 
   00763    0.4575    -999.4848  0.2842 
   00764    0.4950    -939.8812  0.2863 
   00765    0.5000    -890.7185  0.2875 
   00766    0.5275    -870.2944  0.2890 
   00767    0.5100    -878.6828  0.2933 
   00768    0.5875    -879.4307  0.3296 
   00769    0.5450    -889.9181  0.3650 
   00770    0.5375    -906.9068  0.3610 
   00771    0.5450    -927.1391  0.3622 
   00772    0.4525    -889.7302  0.3245 
   00773    0.4750    -904.6997  0.3028 
   00774    0.4675    -897.7604  0.3287 
   00775    0.5150    -900.5862  0.3320 
   00776    0.4700    -910.1483  0.3263 
   00777    0.4850    -937.9969  0.3421 
   00778    0.5425    -913.1576  0.3538 
   00779    0.5000    -911.5759  0.3699 
   00780    0.4900    -930.5793  0.3517 
   00781    0.4975    -945.9766  0.3336 
   00782    0.5075    -943.1861  0.3451 
   00783    0.4900    -941.3747  0.3348 
   00784    0.5050    -956.3171  0.3282 
   00785    0.4475    -963.5713  0.3123 
   00786    0.4625    -943.7560  0.3047 
   00787    0.5075    -958.2635  0.2836 
   00788    0.4575    -937.7088  0.2889 
   00789    0.4850    -960.4648  0.3063 
   00790    0.4400    -953.0509  0.3004 
   00791    0.5100    -952.8279  0.2851 
   00792    0.5225    -933.3178  0.2962 
   00793    0.5500    -899.6381  0.3296 
   00794    0.5325    -901.7310  0.3599 
   00795    0.5375    -843.6373  0.3709 
   00796    0.4950    -897.8651  0.3880 
   00797    0.5150    -897.5582  0.4028 
   00798    0.4975    -894.2243  0.3935 
   00799    0.4725    -893.9925  0.3899 
   00800    0.4750    -930.1801  0.4037 
   00801    0.4975    -927.4830  0.4267 
   00802    0.4725    -937.8264  0.4313 
   00803    0.5100    -949.2847  0.4251 
   00804    0.5000    -921.5014  0.4403 
   00805    0.4575    -929.9580  0.4433 
   00806    0.4925    -921.2742  0.4458 
   00807    0.5300    -889.6133  0.4309 
   00808    0.4975    -853.1345  0.4099 
   00809    0.5000    -869.9126  0.3896 
   00810    0.5075    -887.5450  0.3979 
   00811    0.5175    -950.7275  0.3856 
   00812    0.5250    -917.3153  0.3912 
   00813    0.4875    -913.9117  0.4134 
   00814    0.5325    -930.2106  0.4088 
   00815    0.4500    -957.7155  0.4301 
   00816    0.4875    -932.7045  0.4120 
   00817    0.4975    -936.7699  0.4381 
   00818    0.5350    -953.2620  0.4241 
   00819    0.5025    -965.4359  0.4290 
   00820    0.4775    -959.7130  0.4614 
   00821    0.5100   -1007.0381  0.4792 
   00822    0.4925   -1017.9410  0.4294 
   00823    0.4700    -997.0600  0.4407 
   00824    0.4900    -983.2443  0.4480 
   00825    0.4825    -961.2942  0.4095 
   00826    0.5400    -998.4059  0.3945 
   00827    0.4275   -1003.0453  0.4260 
   00828    0.4925    -995.5953  0.4400 
   00829    0.5150   -1021.0853  0.4560 
   00830    0.4550   -1041.5597  0.4439 
   00831    0.4775   -1010.0734  0.4425 
   00832    0.4850    -972.0936  0.4192 
   00833    0.4450    -973.8850  0.4247 
   00834    0.4725    -909.3179  0.4024 
   00835    0.4850    -951.3706  0.4115 
   00836    0.5150    -958.8151  0.4157 
   00837    0.4775    -976.1327  0.4258 
   00838    0.5000    -980.7519  0.3915 
   00839    0.4900    -960.0896  0.3810 
   00840    0.4725    -917.3899  0.3646 
   00841    0.4775    -921.1727  0.3766 
   00842    0.4575    -887.5956  0.3662 
   00843    0.4875    -937.5671  0.3743 
   00844    0.4875    -922.0513  0.3815 
   00845    0.5175    -941.7675  0.3915 
   00846    0.5350    -954.3518  0.3872 
   00847    0.5125    -942.6613  0.3979 
   00848    0.5100    -946.9412  0.4055 
   00849    0.4950    -976.6274  0.4374 
   00850    0.4475    -993.8774  0.4325 
   00851    0.4750   -1035.3159  0.4203 
   00852    0.4525    -981.7539  0.3865 
   00853    0.5250    -978.5564  0.3916 
   00854    0.4925    -942.1297  0.3621 
   00855    0.5450    -961.6287  0.3727 
   00856    0.4750    -970.1852  0.3800 
   00857    0.4925   -1012.3258  0.4339 
   00858    0.4725    -962.1025  0.4187 
   00859    0.4950   -1005.0567  0.4376 
   00860    0.5000    -995.4098  0.4462 
   00861    0.4750    -984.9433  0.4561 
   00862    0.4925    -976.6548  0.4431 
   00863    0.4625   -1006.2875  0.4385 
   00864    0.4750   -1011.7248  0.4339 
   00865    0.4275   -1006.9154  0.4247 
   00866    0.4800    -952.3852  0.4474 
   00867    0.4875    -943.8136  0.4192 
   00868    0.5100    -967.9241  0.4403 
   00869    0.4825    -930.8079  0.4122 
   00870    0.5125    -924.7009  0.3675 
   00871    0.4675    -930.2182  0.3977 
   00872    0.5000    -898.1427  0.3687 
   00873    0.5300    -857.6266  0.3900 
   00874    0.5175    -876.1543  0.4040 
   00875    0.5475    -885.0881  0.4240 
   00876    0.4775    -916.0271  0.4502 
   00877    0.4425    -936.3000  0.4581 
   00878    0.4725    -945.4642  0.4794 
   00879    0.4525    -933.2941  0.4831 
   00880    0.4875    -947.3887  0.4384 
   00881    0.4875    -973.2303  0.4614 
   00882    0.4900   -1007.9045  0.4492 
   00883    0.4450    -967.6937  0.4361 
   00884    0.4675    -995.7975  0.4506 
   00885    0.4450    -961.4660  0.4374 
   00886    0.4975    -957.7541  0.4055 
   00887    0.5175    -930.4027  0.3935 
   00888    0.5050    -953.2300  0.3894 
   00889    0.5250    -918.1879  0.3896 
   00890    0.4925    -914.8292  0.3767 
   00891    0.5200    -939.3718  0.3831 
   00892    0.4525    -944.8594  0.3771 
   00893    0.5500    -927.4164  0.3985 
   00894    0.5225    -933.5565  0.3958 
   00895    0.5275    -959.6223  0.4190 
   00896    0.4750    -975.7061  0.4211 
   00897    0.4725   -1035.2876  0.4044 
   00898    0.4600   -1039.6021  0.3987 
   00899    0.4775   -1015.1024  0.4170 
   00900    0.4800   -1003.8452  0.4248 
   00901    0.4375    -985.5937  0.4431 
   00902    0.5050    -986.4327  0.4036 
   00903    0.4825    -994.4166  0.3987 
   00904    0.4950    -998.1686  0.4088 
   00905    0.5025    -942.0583  0.3926 
   00906    0.5000    -914.4655  0.3795 
   00907    0.4950    -966.4733  0.4261 
   00908    0.4725    -917.8621  0.4231 
   00909    0.5125    -936.4010  0.4059 
   00910    0.5150    -942.3163  0.3964 
   00911    0.5025    -929.2524  0.4084 
   00912    0.4825    -941.4145  0.4021 
   00913    0.4850    -934.8961  0.3988 
   00914    0.5150    -919.0858  0.3887 
   00915    0.5075    -958.3082  0.4085 
   00916    0.5000    -967.7683  0.4235 
   00917    0.5200    -964.3769  0.4433 
   00918    0.4925    -908.4965  0.4058 
   00919    0.5250    -942.3102  0.4188 
   00920    0.5175    -942.7916  0.4227 
   00921    0.4725    -947.5903  0.4167 
   00922    0.4975    -921.3162  0.4294 
   00923    0.5050    -922.4298  0.4248 
   00924    0.5575    -895.9203  0.4279 
   00925    0.4975    -920.9698  0.4261 
   00926    0.4850    -952.0283  0.4462 
   00927    0.5150    -900.4900  0.4198 
   00928    0.5250    -929.2832  0.4507 
   00929    0.5150    -933.1600  0.4754 
   00930    0.5300    -904.7679  0.4762 
   00931    0.5025    -904.3474  0.4612 
   00932    0.5000    -934.3636  0.4816 
   00933    0.5275    -906.1026  0.4660 
   00934    0.4775    -926.6409  0.4537 
   00935    0.4950    -931.0468  0.4447 
   00936    0.5550    -889.6049  0.4349 
   00937    0.5100    -920.8347  0.4133 
   00938    0.5050    -941.0191  0.4244 
   00939    0.5125    -910.2694  0.4300 
   00940    0.5175    -890.6990  0.4138 
   00941    0.5125    -919.8195  0.4080 
   00942    0.4700    -913.1752  0.4016 
   00943    0.5025    -940.7777  0.4283 
   00944    0.5125    -916.6636  0.4200 
   00945    0.5025    -946.9656  0.4427 
   00946    0.5325    -919.4121  0.4073 
   00947    0.5100    -941.0458  0.4001 
   00948    0.5375    -895.3674  0.3717 
   00949    0.5300    -939.0736  0.3827 
   00950    0.4575    -931.0162  0.3808 
   00951    0.5200    -946.2168  0.3919 
   00952    0.5250    -947.5082  0.3902 
   00953    0.4725    -951.0447  0.3727 
   00954    0.5550    -928.2128  0.3652 
   00955    0.4350    -911.9967  0.3674 
   00956    0.5300    -891.6045  0.3795 
   00957    0.5000    -918.9685  0.4077 
   00958    0.5125    -916.6243  0.3751 
   00959    0.5225    -885.5147  0.3675 
   00960    0.4825    -909.3781  0.3588 
   00961    0.5350    -903.5519  0.3382 
   00962    0.5150    -893.1001  0.3288 
   00963    0.5150    -895.5726  0.3222 
   00964    0.5325    -910.5896  0.3293 
   00965    0.5075    -900.9251  0.3370 
   00966    0.4875    -904.0324  0.3295 
   00967    0.5025    -898.9989  0.3248 
   00968    0.4600    -892.3920  0.2908 
   00969    0.4725    -899.8066  0.2950 
   00970    0.5425    -896.2596  0.2944 
   00971    0.4750    -912.0065  0.3290 
   00972    0.5350    -903.4554  0.3112 
   00973    0.5125    -926.9113  0.3293 
   00974    0.5200    -934.2048  0.3113 
   00975    0.4800    -906.7053  0.3336 
   00976    0.4525    -933.8344  0.2946 
   00977    0.5100    -960.9197  0.3001 
   00978    0.5250    -972.6349  0.2691 
   00979    0.4650    -979.8606  0.2950 
   00980    0.4550    -962.4590  0.2933 
   00981    0.5275    -918.9530  0.3153 
   00982    0.4750    -944.2982  0.3188 
   00983    0.4775    -961.1837  0.3143 
   00984    0.5225    -912.7328  0.3079 
   00985    0.5050    -901.1175  0.3116 
   00986    0.5175    -915.3499  0.3171 
   00987    0.5025    -918.9667  0.3299 
   00988    0.4825    -882.3393  0.3351 
   00989    0.5425    -948.6656  0.3026 
   00990    0.4900    -912.4065  0.2928 
   00991    0.5150    -908.3556  0.3061 
   00992    0.4900    -918.9857  0.3589 
   00993    0.5150    -915.5017  0.3502 
   00994    0.5100    -908.4668  0.3398 
   00995    0.5150    -917.8593  0.3608 
   00996    0.4850    -948.7312  0.3756 
   00997    0.5325    -940.6982  0.3570 
   00998    0.4750    -922.9106  0.3393 
   00999    0.5275    -912.2000  0.3180 
   01000    0.4775    -942.4399  0.3281 
